material : "eut2.dif.spec" {
	texture[0] : "/vehicle/truck/mercedes.1916/interior1935/textures/txt_gps.000.tobj"
	texture_name[0] : "texture_base"
	add_ambient : 0
	aux[1] : { 0.0 , 0.0 }
	diffuse : { 0.239216 , 0.239216 , 0.239216 }
	shininess : 92
	specular : { 0.0498039 , 0.0498039 , 0.0498039 }
	tint : { 0.2 , 0.2 , 0.2 }
}
