material : "eut2.dif.lum.rfx" {
	texture[0] : "/vehicle/truck/share/gps.tobj"
	texture_name[0] : "texture_base"
	add_ambient : 0
	aux[5] : { 2000 , 10 }
	diffuse : { 0.132868 , 0.132868 , 0.132868 }
	reflection : 0
	shininess : 40
	specular : { 0.0100228 , 0.0100228 , 0.0100228 }
}
