material : "eut2.glass" {
	texture[0] : "/vehicle/truck/share/glass_ex.tobj"
	texture_name[0] : "texture_base"
	texture[1] : "/material/environment/vehicle_reflection.tobj"
	texture_name[1] : "texture_reflection"
	add_ambient : 0
	diffuse : { 0.00239586 , 0.00265721 , 0.0443498 }
	env_factor : { 0.00413291 , 0.00359509 , 2 }
	fresnel : { 0.2 , 0.9 }
	queue_bias : 0
	shininess : 200
	specular : { 0.00600332 , 0.00559611 , 0.395655 }
	tint : { 0.0015741 , 0.00260349 , 1 }
	tint_opacity : 0
}
